[[1]]
  [1] 5.0 4.6 4.4 4.2 5.0 5.0 4.0 4.6 4.0 5.6 4.4 4.6 4.6 4.6 3.0 4.8 4.8 4.8 4.6 6.0 3.6 4.8 4.0 3.2 4.4 3.6 3.2 3.8 4.8
 [30] 5.2 3.4 3.4 4.8 3.6 3.8 4.8 4.4 3.2 3.4 4.4 5.6 4.8 4.2 3.4 4.4 4.0 4.8 4.8 2.8 3.6 5.6 4.0 5.0 4.0 4.8 3.8 2.8 3.6
 [59] 4.6 3.0 3.4 4.6 4.8 5.2 5.0 4.8 4.2 5.0 5.2 5.0 6.6 4.6 4.2 4.4 5.6 3.8 4.8 5.0 4.0 4.2 4.6 4.2 5.6 4.6 4.8 4.2 5.0
 [88] 5.2 3.8 4.4 2.6 4.6 4.2 5.4 5.0 5.2 3.4 4.8 4.8 3.8 3.4 2.8 4.8 4.8 4.4 4.0 4.8 5.0 4.4 3.2 5.2 3.2 3.4 3.6 3.6 4.0
[117] 5.6 5.6 4.0 5.0 4.2 4.6 3.6 5.0 3.6 4.0 4.0 4.8 4.2 3.2 3.2 4.0 4.6 4.0 3.2 4.6 2.8 5.0 4.2 3.4 5.2 4.4 4.6 2.8 4.0
[146] 3.6 3.8 5.0 5.4 4.6 4.0 3.6 5.6 4.4 3.6 4.0 6.6 5.0 4.2 4.2 4.4 5.6 4.0 4.2 3.8 4.6 4.8 3.6 4.2 4.4 4.6 2.4 3.8 4.6
[175] 3.2 4.0 5.8 3.8 5.4 4.4 4.0 4.4 5.2 4.0 5.0 4.6 3.0 4.0 3.8 5.4 3.0 4.4 5.2 3.6 3.0 4.0 5.8 4.0 5.6 3.2 4.8 4.6 5.0
[204] 4.2 3.4 4.8 3.8 3.2 3.8 5.8 5.8 4.2 2.6 4.0 4.0 5.6 4.0 4.8 2.6 5.2 5.6 4.8 4.0 3.2 4.2 5.2 4.4 5.2 3.8 5.2 2.2 3.6
[233] 4.4 4.4 4.4 3.4 5.6 3.8 2.8 2.4 2.8 4.6 6.2 5.0 4.6 5.0 3.6 4.2 5.6 5.8 4.4 4.8 4.0 5.2 3.8 4.8 3.4 4.0 3.4 4.0 3.8
[262] 4.0 5.0 3.8 5.4 3.4 3.6 3.6 3.2 3.4 3.8 4.6 4.8 5.6 5.4 5.4 4.4 3.6 4.0 3.8 3.0 5.0 3.8 2.2 4.4 5.8 3.2 3.8 4.6 4.2
[291] 4.8 4.2 3.6 5.2 5.0 5.2 4.6 5.0 3.8 5.0 5.0 3.4 4.4 2.0 4.0 3.2 4.6 4.8 4.4 5.4 3.0 4.4 6.2 3.4 4.2 4.6 2.4 4.8 3.6
[320] 5.0 4.6 3.8 3.2 3.6 4.4 4.4 5.0 5.4 4.4 4.4 5.2 5.2 4.8 2.6 3.0 5.4 4.8 4.0 4.2 5.4 3.8 5.6 5.6 3.4 4.6 4.0 5.0 5.0
[349] 4.4 4.0 5.2 4.2 4.8 5.8 4.6 4.2 4.6 4.6 5.2 3.8 4.6 3.8 3.4 4.0 4.8 4.6 5.0 4.8 4.2 4.2 5.0 3.8 5.2 4.6 4.6 4.4 3.6
[378] 3.2 5.6 3.4 4.4 4.8 4.4 4.2 4.2 4.8 5.8 4.8 3.8 3.0 5.8 3.2 5.4 4.2 5.2 4.4 5.2 3.2 3.4 4.4 3.4 3.2 5.2 5.0 3.4 5.6
[407] 4.6 4.8 3.6 5.4 4.8 3.8 3.6 3.8 3.4 4.2 3.8 4.0 4.0 6.0 4.4 3.4 3.6 4.6 3.6 4.2 3.2 4.4 3.6 3.0 5.6 5.0 4.6 3.8 4.8
[436] 4.0 2.8 6.0 4.4 2.8 4.4 4.2 5.2 5.0 4.0 3.4 3.0 5.0 5.4 4.8 4.8 4.2 4.6 4.0 5.6 4.2 4.4 5.2 3.4 2.8 3.8 4.0 4.0 5.4
[465] 5.4 3.2 5.4 4.6 4.4 4.6 4.8 3.8 5.4 5.2 1.4 4.0 3.8 5.4 4.8 4.4 4.0 4.8 4.2 4.8 5.0 5.6 3.2 5.4 3.8 4.8 4.8 5.0 4.8
[494] 3.6 3.2 4.8 4.2 5.4 3.4 5.0 4.4 4.4 3.4 5.2 4.0 4.0 5.0 3.6 4.0 4.0 4.2 5.8 4.6 4.4 3.2 4.2 4.4 3.4 4.2 4.4 4.8 5.4
[523] 5.4 3.6 5.4 4.2 4.2 3.8 3.2 4.4 3.8 3.6 3.6 4.8 4.0 4.2 5.2 4.0 5.0 4.6 4.6 5.0 3.8 3.4 4.6 4.0 5.8 5.8 4.6 3.8 4.6
[552] 3.6 5.0 4.2 2.2 4.2 5.4 4.6 4.8 4.4 3.0 4.4 4.4 4.0 4.8 4.2 5.4 2.4 3.4 3.8 3.6 3.4 4.4 3.2 4.8 5.4 5.4 4.6 4.6 5.2
[581] 3.8 4.8 4.4 4.0 3.4 5.6 4.8 4.2 4.4 5.6 3.8 5.4 4.2 4.2 3.4 4.0 3.2 2.8 4.6 3.8 4.4 5.2 5.0 5.6 5.2 5.4 3.6 5.0 5.2
[610] 3.8 5.6 4.4 5.0 3.8 4.8 4.0 4.8 4.6 5.2 4.4 4.6 3.6 4.4 4.4 5.2 5.4 5.2 4.8 5.6 4.4 4.2 3.4 4.2 5.4 5.2 4.8 4.0 3.2
[639] 2.8 2.2 3.8 3.6 4.2 4.8 4.4 5.0 4.4 3.8 5.6 4.4 6.4 3.2 4.8 4.0 4.2 5.2 4.6 4.2 2.8 3.8 5.4 3.6 4.8 4.2 4.2 3.6 3.6
[668] 3.6 3.8 4.2 5.4 4.8 3.2 4.6 6.0 5.0 4.2 2.4 4.6 4.2 3.2 3.4 5.0 5.2 2.4 4.0 4.8 2.6 5.8 5.2 3.6 3.8 5.8

[[2]]
  [1] 1.142857 1.000000 1.714286 1.285714 1.571429 1.142857 1.571429 1.142857 2.000000 1.714286 1.428571 1.571429
 [13] 1.428571 1.285714 1.571429 1.428571 1.714286 1.285714 1.000000 1.428571 1.142857 1.142857 1.142857 1.428571
 [25] 1.142857 1.000000 1.285714 1.000000 1.428571 1.142857 1.142857 1.714286 1.571429 1.285714 1.285714 1.714286
 [37] 1.571429 1.428571 1.428571 1.571429 1.142857 1.285714 1.142857 1.571429 1.857143 1.428571 1.285714 1.857143
 [49] 1.285714 1.428571 1.571429 1.571429 1.714286 1.571429 1.428571 1.571429 1.571429 1.714286 1.428571 1.857143
 [61] 1.571429 1.571429 1.857143 1.428571 1.142857 1.428571 1.571429 1.571429 1.285714 1.428571 1.571429 1.142857
 [73] 1.428571 1.428571 1.428571 1.428571 1.857143 1.571429 1.285714 1.714286 1.285714 1.142857 1.000000 1.714286
 [85] 1.571429 1.571429 1.000000 1.428571 1.857143 1.714286 1.142857 1.285714 1.142857 1.571429 1.142857 1.571429
 [97] 1.000000 1.714286 1.428571 1.428571 1.571429 1.571429 1.428571 1.142857 1.428571 1.428571 1.285714 1.571429
[109] 1.285714 1.428571 1.285714 1.428571 1.428571 1.142857 1.285714 1.285714 1.428571 1.142857 1.571429 1.142857
[121] 1.714286 1.285714 1.285714 1.857143 1.142857 1.285714 1.571429 1.285714 1.285714 1.428571 1.571429 1.428571
[133] 1.285714 1.142857 1.285714 1.571429 1.285714 1.285714 1.000000 1.285714 1.428571 1.285714 1.000000 1.428571
[145] 1.857143 1.000000 1.428571 1.142857 1.142857 1.428571 1.285714 1.571429 1.857143 1.142857 1.571429 1.714286
[157] 1.285714 1.714286 1.571429 1.142857 2.000000 1.571429 1.428571 1.142857 1.428571 1.571429 1.714286 1.714286
[169] 1.428571 1.428571 1.285714 1.428571 1.142857 1.285714 1.285714 1.571429 1.571429 1.428571 1.571429 1.428571
[181] 1.285714 1.571429 1.000000 1.428571 1.285714 1.428571 1.714286 1.428571 1.142857 1.428571 1.571429 1.428571
[193] 1.714286 1.142857 1.571429 1.571429 1.428571 1.285714 1.285714 1.428571 1.571429 1.571429 1.142857 1.857143
[205] 1.428571 1.571429 1.285714 1.714286 1.857143 1.428571 1.285714 1.142857 1.428571 1.428571 1.571429 1.285714
[217] 1.000000 1.142857 1.285714 1.142857 1.142857 1.428571 1.714286 1.714286 1.000000 1.000000 1.428571 1.142857
[229] 1.571429 1.285714 1.285714 1.285714 1.000000 1.428571 1.714286 1.285714 1.571429 1.428571 1.142857 1.571429
[241] 1.285714 1.571429 1.285714 1.428571 1.571429 1.142857 1.285714 1.571429 1.142857 1.285714 1.142857 1.285714
[253] 1.428571 2.000000 1.142857 1.714286 1.571429 1.571429 1.714286 1.714286 1.285714 1.285714 1.857143 1.142857
[265] 1.428571 1.285714 1.285714 1.571429 1.714286 1.285714 1.142857 1.285714 1.857143 1.285714 1.571429 1.571429
[277] 1.142857 1.571429 1.714286 1.000000 1.285714 1.285714 1.285714 1.142857 1.142857 1.571429 1.714286 1.000000
[289] 1.428571 1.000000 1.857143 1.000000 1.142857 1.714286 1.000000 1.714286 1.285714 1.857143 1.428571 1.428571
[301] 1.428571 1.428571 1.000000 1.714286 1.000000 1.285714 2.000000 1.571429 1.285714 1.285714 1.142857 1.142857
[313] 1.000000 1.714286 1.714286 1.000000 1.285714 1.428571 1.142857 1.142857 1.428571 1.285714 1.142857 1.571429
[325] 1.285714 1.285714 1.428571 1.428571 1.714286 1.142857 1.428571 1.428571 1.428571 1.000000 1.285714 1.285714
[337] 1.000000 1.857143 1.714286 1.571429 1.000000 1.285714 1.000000 1.571429 1.571429 1.285714 1.285714 1.285714
[349] 1.857143 1.285714 1.142857 1.285714 1.285714 1.000000 1.571429 1.000000 1.142857 1.142857 1.428571 1.571429
[361] 1.571429 1.428571 1.428571 1.428571 1.714286 1.428571 1.428571 1.000000 1.142857 1.428571 1.714286 1.428571
[373] 1.428571 1.571429 1.428571 1.428571 1.285714 1.285714 1.571429 1.428571 1.142857 1.428571 1.285714 1.285714
[385] 1.285714 1.142857 1.571429 1.285714 1.285714 1.285714 1.285714 1.428571 1.142857 1.714286 1.428571 1.428571
[397] 1.142857 1.000000 1.428571 1.571429 1.714286 1.285714 1.000000 1.285714 1.285714 1.285714 1.428571 1.428571
[409] 1.571429 1.285714 1.428571 1.571429 1.142857 1.428571 1.571429 1.000000 1.142857 1.142857 1.428571 1.571429
[421] 1.142857 1.428571 1.428571 1.285714 1.142857 1.857143 1.714286 1.285714 1.285714 1.000000 1.428571 1.571429
[433] 1.142857 1.571429 1.142857 1.714286 1.428571 1.142857 1.285714 1.571429 1.285714 1.428571 1.142857 1.285714
[445] 1.571429 1.285714 1.428571 1.428571 1.571429 1.571429 2.000000 1.428571 1.571429 1.285714 1.000000 1.714286
[457] 1.285714 1.000000 1.571429 1.000000 2.000000 1.285714 1.571429 1.714286 1.285714 1.428571 1.428571 1.000000
[469] 1.571429 1.285714 1.142857 1.285714 1.571429 1.142857 1.285714 1.571429 1.000000 1.285714 1.285714 1.857143
[481] 1.000000 1.142857 1.285714 1.285714 1.142857 1.857143 1.714286 1.857143 1.142857 1.571429 1.142857 1.714286
[493] 1.428571 1.571429 1.000000 1.285714 1.142857 1.285714 1.428571 1.285714 1.142857 1.428571 1.428571 1.000000
[505] 1.714286 1.285714 1.428571 1.285714 1.000000 1.571429 1.285714 1.428571 1.571429 1.142857 1.285714 1.285714
[517] 1.571429 1.428571 1.142857 1.285714 1.714286 1.857143 1.000000 1.428571 1.285714 1.285714 1.000000 1.285714
[529] 1.714286 1.000000 1.285714 1.285714 1.857143 1.285714 1.428571 1.142857 1.571429 1.000000 1.571429 1.285714
[541] 1.571429 1.000000 1.428571 1.571429 1.428571 1.571429 1.142857 1.142857 1.285714 1.142857 1.571429 1.571429
[553] 1.714286 2.000000 1.571429 1.000000 1.142857 1.142857 1.285714 1.285714 1.285714 2.000000 1.285714 1.571429
[565] 1.857143 1.571429 1.428571 1.285714 1.428571 1.857143 1.000000 1.142857 1.285714 1.428571 1.285714 1.714286
[577] 1.285714 1.857143 1.142857 1.142857 1.000000 1.000000 1.285714 1.571429 1.285714 1.285714 1.571429 1.285714
[589] 1.285714 1.428571 1.000000 1.571429 1.428571 1.285714 1.714286 1.714286 1.142857 1.857143 1.142857 1.428571
[601] 1.571429 1.285714 1.571429 1.571429 1.285714 1.428571 1.142857 1.285714 1.428571 1.428571 1.714286 1.285714
[613] 1.428571 1.714286 1.571429 1.428571 1.428571 1.142857 1.428571 1.142857 1.571429 1.285714 1.285714 1.428571
[625] 1.000000 1.000000 1.857143 1.714286 1.000000 1.571429 1.714286 1.285714 1.142857 1.285714 1.285714 1.428571
[637] 1.428571 1.571429 1.571429 1.571429 2.000000 1.571429 1.571429 1.142857 1.142857 1.142857 1.285714 1.285714
[649] 1.428571 1.428571 1.428571 1.142857 1.000000 1.142857 1.142857 1.285714 1.428571 1.857143 1.285714 1.285714
[661] 1.571429 1.571429 1.285714 1.285714 1.142857 1.142857 1.714286 1.142857 2.000000 1.571429 1.428571 1.571429
[673] 1.428571 1.285714 1.142857 1.285714 1.428571 1.428571 1.428571 1.428571 1.428571 1.571429 1.142857 1.571429
[685] 1.571429 1.571429 1.428571 1.714286 1.142857 1.428571 1.428571 1.285714 1.428571

[[3]]
  [1] 1.4 1.8 4.4 1.8 1.6 4.0 4.0 4.0 3.0 1.0 1.6 2.4 3.2 1.0 1.0 2.4 2.4 4.0 4.0 4.0 1.2 3.6 3.4 1.8 1.0 2.0 1.0 1.0 1.8
 [30] 2.6 1.0 1.2 3.0 2.6 2.0 2.6 1.0 2.4 3.0 1.4 3.0 1.2 2.6 1.0 1.0 1.0 2.8 3.4 1.2 2.8 2.6 1.8 2.8 3.6 2.4 2.2 1.2 1.0
 [59] 1.0 1.0 1.8 2.2 1.6 2.2 1.2 1.2 2.0 2.4 2.6 1.0 1.0 4.2 3.4 3.2 4.6 2.0 2.8 1.6 2.0 1.0 1.0 1.8 3.2 2.2 3.2 2.2 2.0
 [88] 1.8 3.4 2.4 1.0 3.0 2.6 3.6 2.8 2.8 1.0 1.4 1.2 1.8 1.0 1.8 3.0 1.0 2.0 3.6 2.0 1.2 3.2 1.0 2.2 1.4 3.2 1.4 1.2 2.0
[117] 1.6 1.2 1.6 1.4 2.8 2.2 1.8 1.6 1.8 2.4 1.0 1.6 4.2 1.8 1.6 1.8 2.8 1.0 2.2 2.0 1.0 1.0 1.6 3.0 2.8 2.2 1.0 1.0 2.2
[146] 2.8 1.2 2.4 2.6 1.6 1.8 2.6 3.4 2.2 2.6 1.6 4.4 2.0 3.0 1.6 1.4 2.0 2.2 2.0 1.8 1.6 1.4 1.2 3.8 1.0 3.0 1.2 2.6 2.4
[175] 1.2 2.4 2.8 3.4 2.8 2.4 2.2 1.0 1.8 1.2 2.8 1.4 1.6 2.2 2.0 1.6 1.4 2.2 2.8 2.4 2.6 1.0 2.6 1.0 4.0 2.0 2.0 3.2 4.0
[204] 1.2 1.0 3.0 1.4 1.6 1.0 4.0 4.8 1.2 2.0 2.4 2.2 3.4 3.4 2.8 3.0 2.6 3.2 1.6 2.6 1.8 2.2 2.0 1.2 2.6 1.0 2.0 1.0 1.2
[233] 2.0 3.2 2.6 1.6 2.2 1.6 1.8 1.6 2.0 1.2 3.2 2.4 4.0 1.8 2.2 2.6 3.4 2.0 2.4 1.0 1.4 2.0 2.6 3.6 3.4 2.4 2.0 2.8 3.0
[262] 2.6 2.4 1.6 3.2 1.8 2.6 1.2 1.8 1.0 2.4 2.8 2.2 3.4 3.4 3.6 1.2 2.0 1.8 1.8 2.4 3.8 4.0 1.0 1.2 3.2 1.2 1.8 3.2 2.2
[291] 2.4 2.6 2.8 2.6 3.6 3.4 1.8 2.6 2.8 3.2 1.6 2.8 2.0 1.6 2.8 2.6 3.2 1.6 1.4 3.6 3.4 3.6 3.4 2.0 1.0 1.8 2.4 3.8 1.6
[320] 1.6 3.6 1.8 2.6 1.6 1.6 3.4 2.4 3.8 2.4 2.2 2.0 1.0 2.4 1.6 1.0 1.8 2.0 2.0 2.0 2.8 1.2 1.4 3.0 2.2 3.2 2.8 1.2 4.2
[349] 1.6 3.0 3.4 2.8 3.0 2.0 2.6 2.8 1.6 2.8 2.2 2.4 2.6 2.2 1.4 1.6 2.6 4.0 3.4 4.4 1.0 2.2 2.6 2.8 1.8 1.6 1.6 3.2 2.4
[378] 1.0 3.4 3.4 1.8 1.6 2.2 3.0 2.2 3.2 4.0 3.6 3.2 1.0 2.4 3.2 3.4 2.8 2.4 1.6 4.2 1.8 2.8 1.2 3.0 3.0 3.4 3.4 1.2 1.0
[407] 2.0 2.2 2.4 2.0 1.8 1.8 4.2 1.2 1.6 1.8 1.6 1.4 1.8 2.4 2.2 1.0 1.6 1.8 2.6 2.0 1.0 2.4 2.6 3.4 3.6 1.2 4.8 1.6 2.4
[436] 2.8 1.8 3.4 3.4 4.6 1.4 2.0 2.2 2.4 2.6 1.2 2.6 1.4 3.0 3.0 1.6 1.0 2.4 2.6 4.0 2.4 2.0 3.4 2.8 2.4 1.8 1.6 1.0 3.8
[465] 2.6 3.0 3.8 1.8 2.8 2.8 2.6 1.6 2.0 3.6 1.4 1.6 2.6 1.8 3.4 2.0 3.0 2.4 3.6 2.2 4.0 3.6 1.8 2.8 3.8 1.4 3.4 1.0 2.4
[494] 1.2 1.0 1.6 3.0 2.0 1.0 3.4 1.6 1.8 2.8 2.4 1.8 1.4 2.6 2.6 4.0 3.0 1.2 2.6 1.6 1.2 3.6 2.6 2.6 3.2 2.4 2.0 2.4 1.6
[523] 1.0 4.0 2.6 1.6 1.4 1.4 1.8 2.0 2.2 2.2 3.8 2.8 1.4 2.0 3.8 2.8 1.6 1.2 2.4 2.4 1.0 1.6 3.8 1.0 1.6 3.0 2.6 2.0 2.4
[552] 1.0 2.8 3.2 1.0 2.4 3.0 2.2 1.0 3.2 1.4 2.6 3.8 2.0 1.0 2.8 1.4 1.6 1.6 2.0 2.0 3.2 3.4 2.2 3.6 2.2 1.8 2.2 2.8 3.2
[581] 2.4 2.4 1.4 3.2 3.2 3.2 3.2 1.8 4.2 3.2 2.4 1.6 1.2 3.0 2.0 2.0 2.2 2.2 2.2 3.0 1.4 4.2 1.4 2.6 2.4 4.2 1.6 2.6 3.6
[610] 2.2 3.8 2.8 1.0 1.8 1.6 1.4 1.0 2.0 2.2 1.4 2.0 1.6 2.4 3.0 1.0 2.0 3.6 1.4 3.4 2.6 3.4 1.0 1.6 3.2 3.6 1.6 1.0 1.4
[639] 3.6 1.0 2.2 2.4 2.8 4.4 3.8 3.2 1.8 3.0 2.4 2.2 3.0 1.4 3.2 2.2 2.6 2.4 3.2 1.6 3.0 2.8 3.0 1.2 3.8 2.8 3.0 1.0 1.8
[668] 2.0 1.6 2.8 3.4 2.6 1.0 2.4 2.4 1.0 2.4 1.0 3.8 4.0 1.0 1.0 4.0 3.0 1.2 1.0 3.2 1.0 1.6 3.6 1.6 1.8 3.4

[[4]]
  [1] 2.800000 2.800000 2.900000 1.700000 3.100000 2.300000 3.000000 2.600000 2.300000 3.800000 2.400000 2.400000
 [13] 2.300000 2.300000 2.900000 3.200000 2.600000 2.100000 2.000000 2.400000 2.000000 2.000000 3.100000 1.700000
 [25] 2.800000 3.000000 2.300000 2.200000 2.600000 2.300000 2.100000 3.000000 2.600000 2.900000 2.000000 3.100000
 [37] 2.200000 2.700000 2.900000 2.900000 2.800000 2.400000 2.600000 1.800000 2.200000 2.700000 2.600000 3.000000
 [49] 2.700000 3.200000 2.900000 2.500000 2.900000 3.200000 2.700000 2.700000 1.400000 1.900000 2.000000 3.400000
 [61] 2.300000 2.200000 2.700000 2.900000 3.100000 3.000000 2.600000 2.700000 3.000000 3.000000 2.200000 3.200000
 [73] 2.000000 3.200000 2.800000 2.600000 2.500000 3.600000 2.500000 3.000000 2.900000 2.400000 2.800000 1.900000
 [85] 2.800000 2.600000 2.900000 2.600000 2.900000 2.700000 2.600000 2.500000 1.400000 3.200000 2.800000 3.100000
 [97] 2.100000 2.800000 2.100000 3.000000 3.200000 3.300000 2.500000 2.700000 2.600000 3.400000 2.100000 2.900000
[109] 2.600000 2.300000 2.600000 2.600000 2.800000 2.600000 3.100000 2.500000 2.700000 1.700000 3.500000 2.600000
[121] 2.400000 2.700000 2.700000 1.800000 2.200000 2.300000 1.600000 1.900000 2.300000 2.100000 2.800000 2.200000
[133] 2.300000 2.100000 3.000000 2.500000 2.600000 2.200000 2.300000 3.444444 2.700000 2.000000 1.900000 3.200000
[145] 2.700000 2.600000 2.900000 2.600000 2.900000 2.700000 3.000000 2.400000 2.600000 2.000000 1.700000 2.600000
[157] 2.100000 2.300000 2.900000 2.700000 2.800000 2.300000 2.500000 2.300000 2.400000 2.400000 3.200000 1.600000
[169] 2.600000 2.700000 3.300000 3.500000 2.700000 2.300000 1.800000 2.300000 2.400000 2.300000 2.200000 3.000000
[181] 1.900000 2.000000 2.200000 2.100000 2.700000 2.800000 2.800000 2.000000 2.600000 3.600000 2.000000 1.700000
[193] 3.100000 2.400000 2.200000 2.800000 2.900000 2.800000 2.100000 2.400000 3.300000 2.600000 2.900000 2.400000
[205] 1.600000 1.900000 2.300000 3.000000 2.700000 3.000000 1.800000 2.600000 2.300000 2.500000 2.900000 3.500000
[217] 2.500000 2.400000 2.888889 2.500000 3.900000 2.600000 2.700000 2.200000 2.300000 2.500000 2.400000 1.900000
[229] 2.900000 2.300000 2.000000 2.400000 1.800000 2.400000 1.900000 2.700000 2.800000 2.300000 1.900000 2.300000
[241] 1.500000 2.800000 1.800000 2.500000 2.900000 2.200000 2.700000 2.400000 2.400000 3.500000 2.800000 2.200000
[253] 2.900000 2.700000 2.500000 2.500000 2.100000 3.000000 2.000000 3.000000 3.200000 2.000000 2.200000 2.000000
[265] 2.500000 2.700000 2.500000 2.400000 1.700000 3.000000 2.600000 2.300000 2.400000 3.000000 2.700000 2.700000
[277] 2.700000 3.300000 1.900000 2.300000 2.600000 2.500000 1.900000 1.700000 2.500000 2.600000 2.100000 2.300000
[289] 2.200000 2.500000 3.000000 3.100000 2.300000 2.700000 2.100000 2.900000 1.800000 2.300000 2.900000 2.600000
[301] 2.100000 2.300000 2.400000 3.000000 2.500000 2.800000 2.000000 2.500000 2.300000 2.400000 2.700000 2.900000
[313] 3.300000 2.900000 3.200000 2.700000 2.600000 2.400000 2.100000 1.900000 2.800000 2.300000 2.000000 2.600000
[325] 2.300000 1.500000 1.800000 2.800000 3.100000 2.200000 2.800000 2.000000 1.900000 2.700000 2.200000 1.900000
[337] 1.400000 2.600000 2.900000 2.600000 2.000000 3.300000 2.800000 2.900000 1.900000 2.900000 2.400000 2.100000
[349] 2.800000 3.000000 2.200000 1.700000 3.100000 2.500000 3.100000 2.000000 2.100000 3.000000 3.300000 2.600000
[361] 2.600000 2.100000 2.500000 2.000000 2.200000 2.900000 2.300000 1.400000 1.900000 3.000000 2.000000 2.000000
[373] 2.400000 2.900000 2.700000 3.100000 2.500000 1.900000 2.000000 2.200000 1.800000 3.300000 2.900000 2.900000
[385] 3.300000 2.500000 3.100000 3.200000 2.200000 2.800000 2.200000 2.400000 2.000000 2.200000 2.200000 2.300000
[397] 2.300000 2.000000 3.300000 2.400000 3.000000 2.700000 1.800000 2.000000 1.900000 2.800000 2.500000 2.700000
[409] 2.500000 3.200000 2.700000 3.400000 2.100000 2.500000 2.100000 2.300000 2.700000 2.500000 2.300000 2.900000
[421] 2.100000 2.700000 2.900000 3.200000 2.400000 2.777778 2.700000 2.800000 2.200000 2.000000 3.000000 3.600000
[433] 2.600000 1.700000 2.700000 2.800000 2.300000 2.200000 2.600000 1.300000 2.800000 2.000000 2.400000 2.100000
[445] 3.000000 2.800000 2.600000 2.200000 2.500000 2.800000 2.700000 2.300000 1.900000 2.400000 1.500000 2.500000
[457] 2.000000 2.400000 2.600000 2.300000 2.600000 2.000000 2.400000 2.400000 2.600000 2.600000 3.000000 3.000000
[469] 2.700000 3.500000 2.300000 2.900000 2.500000 2.900000 1.900000 3.000000 2.900000 2.300000 1.900000 3.000000
[481] 2.700000 2.700000 3.500000 3.200000 2.100000 3.100000 2.500000 2.200000 2.200000 2.800000 3.200000 2.700000
[493] 2.100000 2.500000 2.400000 2.400000 2.400000 2.700000 2.400000 2.400000 2.000000 2.800000 2.000000 1.800000
[505] 2.600000 2.100000 3.000000 2.300000 1.600000 2.400000 2.400000 2.100000 2.800000 3.000000 2.200000 2.200000
[517] 2.700000 2.500000 2.400000 2.000000 3.100000 2.500000 2.600000 1.900000 2.100000 2.200000 1.600000 2.400000
[529] 2.500000 2.500000 2.300000 2.400000 2.300000 2.900000 2.200000 2.600000 2.200000 2.900000 2.800000 2.700000
[541] 3.500000 2.100000 2.800000 2.600000 2.200000 2.700000 1.600000 1.800000 2.700000 3.000000 2.400000 3.000000
[553] 2.700000 2.900000 2.100000 2.400000 2.600000 2.500000 1.900000 1.400000 2.300000 2.500000 3.100000 3.200000
[565] 1.900000 2.400000 2.600000 2.600000 2.200000 2.600000 2.300000 2.700000 2.700000 3.000000 2.900000 2.600000
[577] 2.300000 2.200000 2.400000 2.400000 2.500000 2.800000 1.600000 2.600000 2.700000 2.900000 3.000000 2.200000
[589] 2.300000 3.200000 2.300000 2.100000 2.100000 3.000000 2.500000 2.500000 2.100000 2.400000 2.300000 3.333333
[601] 2.400000 2.500000 2.800000 2.700000 2.700000 2.900000 1.900000 1.500000 2.900000 2.600000 2.900000 2.400000
[613] 2.600000 2.000000 3.000000 2.500000 2.800000 2.800000 3.200000 2.500000 2.500000 2.400000 2.400000 3.300000
[625] 3.000000 2.400000 3.000000 3.000000 1.900000 2.300000 2.400000 2.300000 1.800000 2.200000 2.800000 2.600000
[637] 2.000000 2.800000 2.400000 2.000000 2.800000 2.600000 1.900000 2.600000 3.100000 1.700000 2.300000 2.900000
[649] 2.000000 2.700000 2.200000 1.600000 1.900000 2.900000 1.900000 2.600000 3.200000 2.400000 3.000000 2.500000
[661] 1.900000 2.700000 2.700000 2.500000 2.500000 1.800000 2.700000 2.800000 3.111111 2.200000 2.200000 2.500000
[673] 2.600000 2.700000 2.300000 2.700000 2.400000 2.100000 2.100000 3.100000 2.600000 1.800000 2.000000 2.600000
[685] 2.800000 2.500000 2.700000 1.900000 2.000000 2.300000 2.400000 2.800000 3.000000

